0 0.0018764257431030274 0.050522413253784176 0.1020013427734375 0.050522413253784176 0.1020013427734375 0.19923480987548828 0.0018764257431030274 0.19923480987548828
0 0.10192839622497558 0.050522470474243165 0.20205341339111327 0.050522470474243165 0.20205341339111327 0.19923477172851561 0.10192839622497558 0.19923477172851561
0 0.24691001892089845 0.05067129135131836 0.3458335494995117 0.05067129135131836 0.3458335494995117 0.12416667938232422 0.24691001892089845 0.12416667938232422
0 0.24622692108154298 0.12614931106567384 0.3451507568359375 0.12614931106567384 0.3451507568359375 0.19964468002319335 0.24622692108154298 0.19964468002319335
0 0.24763668060302735 0.3545328521728516 0.3465603256225586 0.3545328521728516 0.3465603256225586 0.4280282592773437 0.24763668060302735 0.4280282592773437
0 0.0028059154748916624 0.35500282287597656 0.10172947883605957 0.35500282287597656 0.10172947883605957 0.42849815368652344 0.0028059154748916624 0.42849815368652344
0 0.10195998191833495 0.35500282287597656 0.20088367462158202 0.35500282287597656 0.20088367462158202 0.42849815368652344 0.10195998191833495 0.42849815368652344
0 0.0006837595999240876 0.22908836364746094 0.10175987243652344 0.22908836364746094 0.10175987243652344 0.3287123870849609 0.0006837595999240876 0.3287123870849609
0 0.10030782699584961 0.22908836364746094 0.20138391494750976 0.22908836364746094 0.20138391494750976 0.3287123870849609 0.10030782699584961 0.3287123870849609
0 0.24694536209106446 0.22893686294555665 0.34609962463378907 0.22893686294555665 0.34609962463378907 0.32886375427246095 0.24694536209106446 0.32886375427246095
0 0.5129182434082031 0.06459739685058594 0.5885832214355469 0.06459739685058594 0.5885832214355469 0.13852359771728515 0.5129182434082031 0.13852359771728515
0 0.5119781494140625 0.16866157531738282 0.5876431274414062 0.16866157531738282 0.5876431274414062 0.24258777618408203 0.5119781494140625 0.24258777618408203
0 0.38000953674316407 0.07895992279052734 0.40291030883789064 0.07895992279052734 0.40291030883789064 0.1777194595336914 0.38000953674316407 0.1777194595336914
0 0.38000953674316407 0.19236717224121094 0.40291030883789064 0.19236717224121094 0.40291030883789064 0.291126708984375 0.38000953674316407 0.291126708984375
0 0.38000953674316407 0.29367767333984374 0.40291030883789064 0.29367767333984374 0.40291030883789064 0.3924372100830078 0.38000953674316407 0.3924372100830078
0 0.21607547760009765 0.45704151153564454 0.28945911407470704 0.45704151153564454 0.28945911407470704 0.5054899215698242 0.21607547760009765 0.5054899215698242
0 0.13963125228881837 0.45676006317138673 0.21301481246948242 0.45676006317138673 0.21301481246948242 0.5052083969116211 0.13963125228881837 0.5052083969116211
0 -5.637853406369686e-05 0.4572085952758789 0.060286765098571775 0.4572085952758789 0.060286765098571775 0.5053403854370118 -5.637853406369686e-05 0.5053403854370118
0 0.6507806396484375 0.06471329689025879 0.7498382568359375 0.06471329689025879 0.7498382568359375 0.13852353096008302 0.6507806396484375 0.13852353096008302
0 0.6512016296386719 0.16758028030395508 0.7502592468261718 0.16758028030395508 0.7502592468261718 0.24139051437377929 0.6512016296386719 0.24139051437377929
0 0.8612042236328125 0.07803146362304687 0.8841049194335937 0.07803146362304687 0.8841049194335937 0.17679100036621093 0.8612042236328125 0.17679100036621093
0 0.86157958984375 0.19139480590820312 0.8844802856445313 0.19139480590820312 0.8844802856445313 0.2901543426513672 0.86157958984375 0.2901543426513672
0 0.86157958984375 0.2923707962036133 0.8844802856445313 0.2923707962036133 0.8844802856445313 0.39113033294677735 0.86157958984375 0.39113033294677735
0 0.912349853515625 0.07789039611816406 0.99875 0.07789039611816406 0.99875 0.25319068908691406 0.912349853515625 0.25319068908691406
0 0.9129482269287109 0.28698326110839845 1.0000006866455078 0.28698326110839845 1.0000006866455078 0.4375 0.9129482269287109 0.4375
