0 0.7703749847412109 0.8641249847412109 0.8183750152587891 0.8641249847412109 0.8183750152587891 0.9107499694824219 0.7703749847412109 0.9107499694824219
0 0.8459444427490235 0.8631114196777344 0.8941944122314454 0.8631114196777344 0.8941944122314454 0.9116107177734375 0.8459444427490235 0.9116107177734375
0 0.9221652221679687 0.8631114196777344 0.9704153442382812 0.8631114196777344 0.9704153442382812 0.9116108703613282 0.9221652221679687 0.9116108703613282
0 0.7397095489501954 0.9385833740234375 0.7879595184326171 0.9385833740234375 0.7879595184326171 0.9870826721191406 0.7397095489501954 0.9870826721191406
0 0.8214536285400391 0.9385828399658203 0.8697037506103515 0.9385828399658203 0.8697037506103515 0.9870821380615235 0.8214536285400391 0.9870821380615235
0 0.8986515808105469 0.9388338470458985 0.972919921875 0.9388338470458985 0.972919921875 0.9878047943115235 0.8986515808105469 0.9878047943115235
0 0.6874993896484375 0.9409993743896484 0.7102493286132813 0.9409993743896484 0.7102493286132813 0.9652494049072265 0.6874993896484375 0.9652494049072265
0 0.6876243591308594 0.9663749694824219 0.7103742980957031 0.9663749694824219 0.7103742980957031 0.990625 0.6876243591308594 0.990625
0 0.7732843780517578 0.8118907928466796 0.7975899505615235 0.8118907928466796 0.7975899505615235 0.836597671508789 0.7732843780517578 0.836597671508789
0 0.7982026672363282 0.812090835571289 0.8227107238769531 0.812090835571289 0.8227107238769531 0.8363982391357422 0.7982026672363282 0.8363982391357422
0 0.8233250427246094 0.8118872833251953 0.8478330993652343 0.8118872833251953 0.8478330993652343 0.8361945343017578 0.8233250427246094 0.8361945343017578
0 0.8486512756347656 0.8118878936767578 0.8731593322753907 0.8118878936767578 0.8731593322753907 0.8361951446533203 0.8486512756347656 0.8361951446533203
0 0.8737751007080078 0.8118878173828125 0.8982831573486328 0.8118878173828125 0.8982831573486328 0.836195068359375 0.8737751007080078 0.836195068359375
0 0.8990555725097658 0.811795150756836 0.9235636291503907 0.811795150756836 0.9235636291503907 0.8361025543212891 0.8990555725097658 0.8361025543212891
0 0.9248365020751953 0.8118873596191406 0.9493445587158204 0.8118873596191406 0.9493445587158204 0.8361946105957031 0.9248365020751953 0.8361946105957031
