0 0.15287059470876932 0.20409720523305255 0.15464197095129753 0.2741896549564238 0.08305103345439052 0.2773071005176593 0.0812796572118623 0.20721465079428805
0 0.2418668854473086 0.19983364925682615 0.24363826168983682 0.26992609898019737 0.17204732419292978 0.27304354454143287 0.17027594795040157 0.20295109481806164
0 0.3321623921090383 0.19386467089010917 0.3339337683515665 0.26395712061348037 0.2623428308546595 0.2670745661747159 0.26057145461213127 0.19698211645134464
0 0.4224578987707678 0.21380623966499093 0.424229275013296 0.28389868938836216 0.3526383375163891 0.28701613494959766 0.3508669612738609 0.2169236852262264
0 0.4224578987707678 0.21380623966499093 0.424229275013296 0.28389868938836216 0.3526383375163891 0.28701613494959766 0.3508669612738609 0.2169236852262264
0 0.15624886753378447 0.297511727849313 0.15923760669092651 0.4157746039558899 0.08713051002078458 0.41891452579945593 0.08414177086364252 0.3006516496928791
0 0.24622118615491953 0.2929851465292796 0.24920992531206151 0.4112480226358564 0.17710282864191962 0.41438794447942245 0.17411408948477755 0.2961250683728457
0 0.33525302757792425 0.28804705781651585 0.3382417667350661 0.4063099339230927 0.2661346700649243 0.40944985576665877 0.26314593090778227 0.29118697966008195
0 0.4254942812161313 0.30697833814464254 0.4278967481433413 0.4020427226975132 0.35583420885550393 0.4051807042785468 0.3534317419282941 0.3101163197256762
0 0.49498236258184464 0.2097685941942429 0.499730718067202 0.3976585862441942 0.44542744364020365 0.40002323612505813 0.44067908815484635 0.21213324407510678
0 0.31193098457339774 0.4476360459374549 0.31672264624489305 0.6113641437182793 0.19165308382996202 0.6176710417851174 0.18686142215846668 0.453942944004293
0 0.46095929995331986 0.4391021664358334 0.4657509616248153 0.6028302642166578 0.34068139920988416 0.6091371622834959 0.33588973753838886 0.44540906450267154
0 0.1619350940498506 0.45482847949734995 0.16672675572134593 0.6185565772781744 0.04165719330641469 0.6248634753450125 0.03686553163491936 0.4611353775641881
0 0.1682891949277881 0.6499136643950078 0.1724538188571618 0.7922162726916547 0.047194370243342935 0.7985327461729865 0.04302974631396926 0.6562301378763397
0 0.3179426290802771 0.64229536305854 0.32210725300965076 0.7845979713551869 0.1968478043958319 0.7909144448365188 0.19268318046645824 0.648611836539872
0 0.46691040204887757 0.6357504969153124 0.47099455225606784 0.7753033681984274 0.34642076482613754 0.7815852657596738 0.3423366146189472 0.6420323944765589
0 0.5520027971671057 0.22789799700555724 0.6416402635879472 0.2402648846558744 0.6378810361065376 0.2872141732703648 0.548243569685696 0.2748472856200477
0 0.5456740837945343 0.2983304522809481 0.6356514963177362 0.31074424080232865 0.6262674624335829 0.4279421803721001 0.5362900499103811 0.41552839185071955
0 0.5330092303515587 0.4542005971565365 0.5862296035959657 0.46154317836617775 0.5731516209144486 0.6248751359149707 0.5199312476700416 0.6175325547053295
0 0.5181154914502583 0.6497040184664093 0.5713772048091698 0.6570523031901274 0.5601764335223692 0.7969396195202647 0.5069147201634578 0.7895913347965468
0 0.6775570099211723 0.2551742604800217 0.7642123435327572 0.2845916394466376 0.7507935941791204 0.35270065702202036 0.6641382605675353 0.3232832780554044
0 0.6590240768991922 0.34597961819945305 0.7458914874402988 0.3754689921275537 0.7279304749318299 0.46663299589362955 0.6410630643907231 0.43714362196552886
0 0.7865483065028168 0.2672053458767936 0.8734157170439234 0.29669471980489426 0.8554547045354546 0.3878587235709702 0.7685872939943477 0.3583693496428695
0 0.8900679752398768 0.3026537684219904 0.9769353857809835 0.332143142350091 0.9589743732725146 0.4233071461161668 0.8721069627314076 0.3938177721880662
0 0.7631035534922821 0.3804286656480191 0.8499709640333887 0.40991803957611966 0.8320099515249199 0.5010820433421954 0.7451425409838129 0.47159266941409483
0 0.8684369996828792 0.4162298088155561 0.9553044102239858 0.4457191827436567 0.9373433977155169 0.5368831865097324 0.8504759871744101 0.5073938125816319
0 0.7181891129617606 0.5035921489167885 0.8395696967143433 0.5447979060539513 0.8215334498460367 0.6363437738970301 0.7001528660934538 0.5951380167598672
0 0.6997610833342446 0.59449840233065 0.8211416670868273 0.6357041594678128 0.8031054202185207 0.7272500273108916 0.6817248364659378 0.6860442701737287
0 0.8624465390253713 0.5531419093612537 0.983827122777954 0.5943476664984165 0.9657908759096474 0.6858935343414954 0.8444102921570645 0.6446877772043325
0 0.844684775028467 0.6447368266760239 0.9660653587810497 0.6859425838131867 0.9480291119127431 0.7774884516562656 0.8266485281601602 0.7362826945191027
0 0.6250802273049324 0.47196064538429083 0.6941642199301225 0.49541298128656036 0.6627809283763915 0.6547039181447784 0.5936969357512011 0.6312515822425087
0 0.6052431249221463 0.6680210564984653 0.6565162557963854 0.6854270378601335 0.6295246096758385 0.8224274729651073 0.5782514788015993 0.8050214916034392
0 0.6756940105904233 0.7164138972300158 0.797273949712371 0.7576873306682811 0.7748503465658475 0.871501929969672 0.6532704074438997 0.8302284965314066
0 0.8200117535422293 0.765107832500434 0.941591692664177 0.8063812659386993 0.9191680895176535 0.9201958652400902 0.7975881503957057 0.8789224318018247
