0 0.1568169029309175 0.7320231074547783 0.2134981144004149 0.7476676500353283 0.19825716193628395 0.8829678106293742 0.14157595046678653 0.867323268048824
0 0.21612814593696061 0.7482541333854653 0.272809357406458 0.7638986759660154 0.2575684049423271 0.8991988365600615 0.20088719347282966 0.8835542939795111
0 0.31359767115668175 0.7729252928001097 0.3702788826261792 0.7885698353806597 0.3550379301620483 0.9238699959747063 0.2983567186925508 0.908225453394156
0 0.400698097948773 0.796297970140299 0.45737930941827043 0.811942512720849 0.44213835695413956 0.9472426733148956 0.3854571454846421 0.9315981307343453
0 0.48857395297110445 0.8196283056737125 0.5452551644406018 0.8352728482542625 0.530014211976471 0.9705730088483091 0.4733330005069736 0.9549284662677587
0 0.5761973429882414 0.8420835772004281 0.6328785544577388 0.8577281197809781 0.6176376019936078 0.9930282803750248 0.5609563905241104 0.9773837377944744
0 0.6437457569095286 0.2605012534468403 0.7017219559063462 0.2817868697890795 0.6747012947593106 0.46211747047192575 0.616725095762493 0.44083185412968645
0 0.730524277362374 0.291752034716372 0.7885004763591916 0.31303765105861125 0.7614798152121561 0.4933682517414576 0.7035036162153384 0.47208263539921835
0 0.8169547008714493 0.3239643784865047 0.8749308998682669 0.34524999482874397 0.8479102387212314 0.5255805955115904 0.7899340397244137 0.5042949791693512
0 0.9027308653547355 0.35563873910822236 0.9895944236968593 0.3875301774740535 0.9760789724793933 0.4777296519903446 0.8892154141372693 0.44583821362451354
0 0.8896564457583932 0.4466325553070108 0.9765200041005171 0.478523993672842 0.9630045528830511 0.5687234681891331 0.876140994540927 0.5368320298233019
0 0.696350124932103 0.5171611618985624 0.7536938716713998 0.5382145771593008 0.7400411990996704 0.6293298401200778 0.6826974523603736 0.6082764248593394
0 0.7830077975827445 0.5495316030614319 0.8403515443220413 0.5705850183221702 0.8266988717503119 0.6617002812829472 0.7693551250110151 0.6406468660222089
0 0.8691043629334707 0.5816365174008326 0.9553787807257734 0.6133116563208197 0.9418581926438275 0.7035454132646303 0.8555837748515246 0.6718702743446432
