0 0.264151 0.098053 0.290772 0.068815 0.310791 0.105580 0.284170 0.134818
0 0.284291 0.135187 0.310912 0.105949 0.330931 0.142714 0.304310 0.171951
0 0.303724 0.170815 0.330345 0.141577 0.350364 0.178342 0.323743 0.207580
0 0.323511 0.208952 0.350131 0.179715 0.370151 0.216479 0.343530 0.245717
0 0.212918 0.154255 0.239539 0.125018 0.259558 0.161782 0.232937 0.191020
0 0.232704 0.190887 0.259325 0.161650 0.279344 0.198414 0.252723 0.227652
0 0.252844 0.227519 0.279465 0.198282 0.299484 0.235046 0.272863 0.264284
0 0.271924 0.264653 0.298545 0.235415 0.318564 0.272180 0.291943 0.301417
0 0.185711 0.181855 0.212332 0.152617 0.232351 0.189382 0.205730 0.218619
0 0.205851 0.219490 0.232472 0.190253 0.252491 0.227017 0.225870 0.256255
0 0.226086 0.256624 0.252707 0.227386 0.272726 0.264151 0.246105 0.293388
0 0.245778 0.292252 0.272398 0.263014 0.292418 0.299779 0.265797 0.329017
0 0.147198 0.031815 0.173819 0.002577 0.193838 0.039342 0.167217 0.068579
0 0.168045 0.069450 0.194665 0.040212 0.214684 0.076977 0.188064 0.106215
0 0.122112 0.062425 0.148732 0.033187 0.168751 0.069952 0.142131 0.099189
0 0.101972 0.025893 0.128592 -0.003344 0.148611 0.033420 0.121991 0.062658
0 0.101972 0.025893 0.128592 -0.003344 0.148611 0.033420 0.121991 0.062658
0 0.032022 0.044415 0.058384 0.016200 0.097335 0.089605 0.070974 0.117819
0 0.071910 0.116223 0.098271 0.088009 0.137223 0.161413 0.110861 0.189628
0 0.005431 0.071809 0.031792 0.043594 0.070743 0.116998 0.044382 0.145213
0 0.045318 0.143698 0.071680 0.115484 0.110631 0.188888 0.084270 0.217102
0 0.136412 0.236558 0.162773 0.208343 0.201725 0.281748 0.175363 0.309962
0 0.176190 0.311655 0.202551 0.283440 0.241502 0.356845 0.215141 0.385059
0 0.110703 0.265858 0.137064 0.237644 0.176015 0.311048 0.149654 0.339263
0 0.150112 0.339298 0.176473 0.311084 0.215424 0.384488 0.189063 0.412702
0 0.106583 0.547331 0.135602 0.524234 0.151654 0.564912 0.122635 0.588009
0 0.123088 0.587901 0.152106 0.564804 0.168158 0.605481 0.139140 0.628579
0 0.139275 0.628922 0.168294 0.605825 0.184346 0.646502 0.155327 0.669599
0 0.065956 0.630725 0.094974 0.607628 0.111026 0.648305 0.082008 0.671402
0 0.081826 0.673098 0.110844 0.650001 0.126896 0.690678 0.097878 0.713775
0 0.009776 0.675802 0.038795 0.652705 0.054847 0.693383 0.025828 0.716480
0 0.025963 0.717274 0.054982 0.694176 0.071034 0.734854 0.042015 0.757951
0 0.170698 0.704652 0.199716 0.681555 0.215768 0.722232 0.186750 0.745330
0 0.142761 0.726970 0.171779 0.703873 0.187831 0.744550 0.158812 0.767648
0 0.113628 0.750853 0.142647 0.727755 0.158699 0.768433 0.129680 0.791530
0 0.085577 0.773304 0.114595 0.750207 0.130648 0.790884 0.101629 0.813981
0 -0.001551 0.737939 0.024562 0.717152 0.040269 0.756950 0.014156 0.777737
0 0.028998 0.353692 0.080301 0.297162 0.120666 0.371051 0.069363 0.427581
0 0.069157 0.426846 0.120461 0.370316 0.160826 0.444205 0.109523 0.500735
0 0.057487 0.794424 0.086506 0.771327 0.102558 0.812004 0.073539 0.835102
0 0.029397 0.818673 0.058416 0.795576 0.074468 0.836253 0.045449 0.859351