0 0.8927324503877737 0.4981642027158995 0.9340574389826642 0.46163829081767316 0.9637415530907847 0.5767484510267104 0.9224165644958942 0.6132743629249366
0 0.8510790302805656 0.5341509432406039 0.8924040188754562 0.4976250313423775 0.9220881329835766 0.6127351915514146 0.8807631443886861 0.649261103449641
0 0.7895906991332117 0.5870298643369932 0.8309156877281022 0.5505039524387669 0.8605998018362226 0.665614112647804 0.8192748132413321 0.7021400245460304
0 0.7479371899235858 0.6230166461016681 0.7892621785184762 0.5864907342034418 0.8189462926265967 0.7016009356524493 0.7776213040317062 0.7381268475506757
0 0.6447396605554289 0.7154390902132601 0.7273091782618614 0.6413778356603674 0.757694261091469 0.7574871991131756 0.6751247433850365 0.831548412426098
0 0.5355708435504106 0.811807580896326 0.6181549740533759 0.7394179060652449 0.6475464758211679 0.8543443009660051 0.5649623453182026 0.9267339757970862
0 0.45314206311302463 0.8826908420872044 0.5148533285099225 0.8284096382759712 0.5445596291200958 0.9441649565825592 0.482848363723198 0.9984461603937922
0 0.6852074838902829 0.8697992273279138 0.7688805350421989 0.7979578791437922 0.78826440964302 0.8753380852776604 0.704591358491104 0.9471794334617821
0 0.7880237440123176 0.7788800213788006 0.8296787679630474 0.7430751491237331 0.8495266879562043 0.8222192712732264 0.8078716640054745 0.8580241435282939
0 0.8295175816890967 0.7413111506281672 0.8711724274349909 0.7055064433329814 0.8910203474281478 0.7846505654824747 0.8493655016822537 0.8204552727776605
0 0.8083162850707116 0.8556991164748733 0.8499711308166058 0.8198945741395692 0.8698190508097627 0.899039026208826 0.8281642050638686 0.9348435685441301
0 0.849204226305885 0.8192515605204814 0.8908590720517792 0.7834470181851774 0.9107069920449361 0.8625914702544342 0.8690521462990419 0.8983960125897382
0 0.8906977966754106 0.687481029613598 0.9323526424213048 0.651676487278294 0.9522005624144617 0.7308209393475507 0.9105457166685675 0.7666254816828547
0 0.9109905159386406 0.7637402508709882 0.9526453616845346 0.7279357085356841 0.9724932816776916 0.8070801606049409 0.9308384359317975 0.842884702940245
0 0.9328884152600365 0.6502263661977407 0.9745432610059307 0.6144218238624366 0.9943911809990876 0.6935663996516047 0.9527363352531935 0.7293709419869088
