0 0.780351 0.220303 0.819236 0.190281 0.847028 0.286163 0.808142 0.316185
0 0.819470 0.189901 0.858355 0.159879 0.886147 0.255761 0.847261 0.285783
0 0.877836 0.145129 0.936948 0.099583 0.964660 0.195383 0.905548 0.240929
0 0.817561 0.350428 0.856887 0.319372 0.875769 0.383059 0.836443 0.414114
0 0.835986 0.413864 0.875312 0.382808 0.894194 0.446495 0.854868 0.477550
0 0.835986 0.413864 0.875312 0.382808 0.894194 0.446495 0.854868 0.477550
0 0.875612 0.383793 0.914938 0.352738 0.933820 0.416424 0.894494 0.447480
0 0.863788 0.510202 0.942788 0.448825 0.961379 0.512564 0.882379 0.573940
0 0.914814 0.275101 0.973827 0.228825 0.992854 0.293454 0.933840 0.339729
0 0.940090 0.771738 0.959881 0.756438 0.969287 0.788848 0.949496 0.804148
0 0.959881 0.756154 0.979796 0.741043 0.988797 0.772643 0.968882 0.787754
0 0.949322 0.803011 0.969113 0.787711 0.978520 0.820121 0.958729 0.835421
0 0.969623 0.788541 0.989538 0.773431 0.998540 0.805031 0.978624 0.820142
0 0.968134 0.867387 0.988049 0.852276 0.997051 0.883876 0.977135 0.898987