0 0.005311071014404297 0.7403179002844769 0.08895296630859376 0.6621362437372622 0.10125487060546876 0.7593204000721807 0.01761297607421875 0.8375020566193954
0 0.0007024242401123047 0.2166084621263587 0.047967474365234374 0.1715564893639606 0.06032520141601563 0.26729112708050273 0.013060150146484375 0.3123430998429008
0 0.017269644165039063 0.34419051460597827 0.06476531372070313 0.2992023633873981 0.08142060546875 0.4290435791015625 0.033924932861328125 0.4740317303201427
0 0.05566933441516187 0.1256179203383315 0.10321213030958912 0.08203754417845698 0.11542587432507252 0.18042664992109447 0.06788308453370537 0.22400702628359573
0 0.11492340087890625 0.0705655802851138 0.16226676025390624 0.02541021678758704 0.17492191162109375 0.12338658208432404 0.12757855224609374 0.16854194972826086
0 0.07180722045898437 0.2551075147545856 0.11942850341796875 0.2098851079526155 0.1404015869140625 0.37297018299932067 0.09278031005859375 0.41819258980129076
0 0.13140565185546876 0.19825419550356657 0.17902691650390626 0.15303185504415762 0.20000001220703126 0.31611712911854617 0.15237874755859376 0.36133946957795515
0 0.190642236328125 0.14355259770932405 0.238263525390625 0.09833019920017408 0.25923662109375 0.2614152991253397 0.21161533203125 0.30663770592730977
0 0.0835114501953125 0.4850648299507473 0.166728125 0.4058465045431386 0.183522021484375 0.5361152980638587 0.1003053466796875 0.6153336234714674
0 0.09999999389648437 0.6136740643045177 0.183216650390625 0.534455738896909 0.200010546875 0.6647246651027514 0.116793896484375 0.7439429905103601
0 0.182137353515625 0.39130438099736753 0.265354052734375 0.3120860555897588 0.28214794921875 0.44235491545304007 0.19893125 0.5215732408606488
0 0.2813740234375 0.2983737116274626 0.364590673828125 0.21915540280549423 0.3813845703125 0.3494242460831352 0.298167919921875 0.4286425383194633
0 0.1991111328125 0.5226450381071671 0.282489501953125 0.4441002223802649 0.294666748046875 0.5395532359247622 0.21128837890625 0.6180980516516644
0 0.298222216796875 0.4284420510996943 0.381600537109375 0.34989730171535327 0.393777783203125 0.4453503152598505 0.310399462890625 0.5238950646441916
0 0.122000048828125 0.7859302023182745 0.2053654296875 0.7083991009256114 0.22577783203125 0.8704713240913723 0.142412451171875 0.9480024254840353
0 0.216888818359375 0.6597221042798913 0.300566357421875 0.5815806513247282 0.3252330078125 0.7766289752462636 0.24155546875 0.8547704282014267
0 0.31555556640625 0.5661231662916101 0.3992331298828125 0.487981713336447 0.4238998046875 0.6830300372579824 0.3402222412109375 0.7611714902131453
0 0.43199345703125 0.4708446336829144 0.52044453125 0.46165446405825405 0.52335791015625 0.6687082705290421 0.4349068359375 0.6778984401537025
0 0.536660009765625 0.46057905114215353 0.625111181640625 0.4513888815174932 0.628024560546875 0.6584426879882812 0.539573388671875 0.6676328576129416
0 0.640437939453125 0.4466902027959409 0.728889013671875 0.4375000995138417 0.731802392578125 0.6445539391559103 0.643351318359375 0.6537439760954483
0 0.74599306640625 0.435216588559358 0.83444453125 0.42602648527725884 0.83735791015625 0.6330802585767663 0.7489064453125 0.6422704282014267
0 0.86009365234375 0.6522186942722487 0.86845966796875 0.44690468829611074 0.90679736328125 0.4584400342858356 0.89843134765625 0.663754007090693
0 0.92248349609375 0.4250497237495754 0.94444423828125 0.1913186778192935 0.99378251953125 0.22554961494777515 0.97182177734375 0.4592806608780571
0 0.253983203125 0.12048642531685207 0.3493138671875 0.02949371337890625 0.36608583984375 0.1592460300611413 0.27075517578125 0.250238733706267
0 0.4026149259578036 0.18958695743629192 0.40598534675495473 0.42912219506201016 0.5193696275071633 0.4173414725302105 0.5159992067100122 0.17780623490449224
0 0.5317819609851372 0.1755843533690889 0.5351484633260849 0.41484194142405123 0.6239024390243902 0.4056203605514316 0.6205359366834428 0.16636277249646927
0 0.6363973456005219 0.163042547349022 0.6397638479414696 0.40230013540398435 0.7285178236397749 0.39307855453136464 0.7251513212988274 0.15382096647640237
0 0.7417819609851373 0.15363619283397184 0.745148463326085 0.3928937808889342 0.8339024390243898 0.3836722000163145 0.8305359366834424 0.14441461196135225
0 0.9172281734797649 0.17747097383538807 0.8801640033009704 0.16631882175160237 0.8704972375690608 0.4035551285130915 0.9075614077478553 0.4147072805968772
0 0.9666298342541437 0.5014412683161181 0.9295884360470414 0.47574190551914364 0.9107465442090065 0.6762786154076232 0.9477879424161086 0.701977978204598
