0 0.19194263705507572 0.2763044962120444 0.27412574872069007 0.3760197621726182 0.18082851481064666 0.5724991564201782 0.09864540314503231 0.47278389045960456
0 0.06740697641936429 0.538640247577407 0.1501942430638402 0.6390885531269865 0.08826771713164983 0.7695027764976838 0.005480450487173917 0.6690544709481042
0 0.1895907255579477 0.6859684041507433 0.2723779922024233 0.7864167097003228 0.21045146627023323 0.9168309330710206 0.12766419962575734 0.8163826275214405
0 0.3139219232177832 0.4248096378523258 0.39610503488339754 0.5245249038128995 0.3028078009733542 0.7210042980604596 0.22062468930773985 0.621289032099886
0 0.4566727312893218 0.5959504133645257 0.538855842954936 0.6956656793250994 0.4455586090448927 0.8921450735726602 0.3633754973792784 0.7924298076120858
0 0.5387204576428204 0.6975482705733554 0.6209035693084347 0.7972635365339291 0.5276063353983913 0.9937429307814901 0.44542322373277693 0.8940276648209156
0 0.4830281126994763 0.06700700966550528 0.5650892702374762 0.166574304978295 0.4413580604009485 0.42714615839078585 0.3592969028629487 0.3275788630779962
0 0.6268463654295855 0.23975222994813203 0.7089075229675854 0.33931952526092174 0.5851763131310577 0.5998913786734126 0.5031151555930579 0.500324083360623
0 0.7080996155595908 0.33976262063807383 0.7901607730975906 0.4393299159508636 0.6664295632610628 0.6999017693633545 0.5843684057230631 0.6003344740505647
0 0.8304082163286531 0.4883104738154613 0.9521953085672604 0.6360784525037002 0.8283557948077512 0.8968783886608795 0.706568702569144 0.7491104099726408
