0 0.07219364371842253 0.5104824370718454 0.12615352790512724 0.4293496179645213 0.19741945552254866 0.4898614741468623 0.14345957133584394 0.5709942932541864
0 0.14261626283565682 0.5700413106420205 0.1965761652963604 0.48890857412624744 0.2678420929137818 0.5494205129001396 0.2138821904530782 0.6305532494159125
0 0.213582259309506 0.6286270492615654 0.2671371368590943 0.5471504015270847 0.3387028677020958 0.6072061871643479 0.28514799015250747 0.6886828348988286
0 0.284004914974738 0.6881861706063938 0.33755979252432633 0.606709440280362 0.4091255233673278 0.6667652259176252 0.3555706458177395 0.748241956243657
0 0.35514884537565494 0.7472889323357155 0.40910889402834955 0.6661561132283914 0.48037485819376874 0.7266681345938346 0.4264148095410741 0.8078009537011587
0 0.42641477299307634 0.8054184352270806 0.48037467545377993 0.7242856161197564 0.5516406396191991 0.7847974723020974 0.49768073715849553 0.8659302914094216
0 0.4976806640625 0.8649773500930311 0.5516405665232036 0.783844530985707 0.6229065306886228 0.8443563871680481 0.5689466282279192 0.9254892062753721
0 0.5685250105258234 0.9240598768923376 0.622484912986527 0.8429270577850135 0.693750877151946 0.9034389139673545 0.6397909746912425 0.9845717330746786
0 0.19933274320499625 0.3702798928556326 0.41047666629631363 0.04964697893320788 0.5521671135268525 0.16876984674972514 0.3410231904355352 0.4894027606721499
0 0.41371880262911676 0.5456921651011714 0.6248628719124252 0.2250590446998689 0.7665533191429641 0.3441819125163862 0.5554092498596557 0.6648150329176886
0 0.6266261666120884 0.7244456785457544 0.8377700897034057 0.40381255814445194 0.9794605369339446 0.5229353433694182 0.7683166138426273 0.8435684637707206
