0 0.1829601771688714 0.2053057593048283 0.3360996242376177 0.4993470965383059 0.25114817107400345 0.6315883633001471 0.09800872400525713 0.3375470260666696
0 0.3861890796905998 0.6291757650744797 0.5385954850638652 0.9249089830816837 0.49589519051963143 0.990682563681948 0.3434887851463662 0.6949493456747439
0 0.5354463624056618 0.4298269056568415 0.6027413363426904 0.5893733944655806 0.5106551900404137 0.7054667007636046 0.4433602161033849 0.5459202119548656
0 0.6031568998580528 0.591599740827394 0.6704518737950814 0.7511462296361331 0.5783657274928046 0.8672395359341571 0.5110707535557759 0.7076930471254181
0 0.6282065953390801 0.3131960085726034 0.7635538627921192 0.6340844795629695 0.6718094725534616 0.7497469328720685 0.5364622051004225 0.4288584618817022
0 0.41802272704335025 0.15142191768883304 0.4523910283537876 0.2329041069163984 0.35951720411152277 0.3499904413736318 0.32514890280108555 0.2685082521460665
0 0.4525833138680082 0.23068247763420424 0.4869516151784456 0.3121646668617696 0.3940777909361807 0.4292510013190028 0.3597094896257435 0.3477688120914376
0 0.5102566322268958 0.03464878139790111 0.5446249335373329 0.11613097062546648 0.45175110929506823 0.23321730508269983 0.417382807984631 0.15173511585513455
0 0.5443122279869741 0.113642373594708 0.5786805292974112 0.19512456282227336 0.4858067050551466 0.3122108972795067 0.45143840374470934 0.23072870805194143
0 0.8587819365297525 0.02526817218149413 0.9245492494892974 0.18119280142497388 0.7416083733758047 0.41182696321688167 0.6758410604162599 0.25590233397340195
0 0.9262834908418585 0.1834279903744798 0.9920508038014034 0.3393526196179596 0.8091099276879106 0.5699867814098675 0.7433426147283658 0.41406215216638753
