0 0.006527 0.946989 0.075769 0.803838 0.122286 0.858912 0.053044 1.002063
0 0.101527 0.751569 0.170947 0.606573 0.217638 0.661290 0.148218 0.806286
0 0.188435 0.572663 0.257855 0.427667 0.304546 0.482385 0.235126 0.627381
0 0.256694 0.655235 0.326114 0.510239 0.372805 0.564957 0.303385 0.709952
0 0.169435 0.832490 0.238855 0.687494 0.285546 0.742211 0.216126 0.887207
0 0.249657 0.928823 0.319077 0.783827 0.365768 0.838544 0.296348 0.983540
0 0.336916 0.749367 0.406337 0.604371 0.453028 0.659088 0.383608 0.804084
0 0.382305 0.803314 0.451726 0.658318 0.498417 0.713035 0.428996 0.858031
0 0.450213 0.884785 0.519707 0.739635 0.589547 0.821480 0.520053 0.966630
0 0.316339 0.387842 0.359236 0.328016 0.435690 0.462199 0.392792 0.522025
0 0.438924 0.550827 0.460418 0.520682 0.537685 0.655530 0.516192 0.685675
0 0.379147 0.248238 0.471789 0.142674 0.505631 0.215370 0.412990 0.320934
0 0.430694 0.358024 0.476393 0.303470 0.494128 0.339835 0.448430 0.394389
0 0.447302 0.394362 0.493286 0.340404 0.510829 0.376999 0.464845 0.430957
0 0.476826 0.302792 0.522525 0.248238 0.540260 0.284603 0.494562 0.339157
0 0.494083 0.340485 0.540068 0.286527 0.557611 0.323123 0.511626 0.377080
0 0.495072 0.113945 0.587713 0.008381 0.621555 0.081077 0.528914 0.186641
0 0.545407 0.225954 0.591105 0.171400 0.608841 0.207765 0.563143 0.262319
0 0.563262 0.260662 0.609246 0.206704 0.626789 0.243299 0.580805 0.297257
0 0.591422 0.171960 0.637121 0.117406 0.654857 0.153771 0.609158 0.208325
0 0.608835 0.208052 0.654820 0.154094 0.672363 0.190690 0.626378 0.244647
0 0.489811 0.482886 0.536208 0.430435 0.569773 0.503110 0.523376 0.555561
0 0.523376 0.555092 0.569773 0.502641 0.603338 0.575315 0.556941 0.627766
0 0.535353 0.430047 0.581215 0.376922 0.650444 0.523209 0.604581 0.576334
0 0.574435 0.665366 0.667422 0.558448 0.718467 0.667113 0.625481 0.774031
0 0.673723 0.800860 0.743273 0.720987 0.794763 0.830733 0.725214 0.910605
0 0.604020 0.351891 0.697064 0.244170 0.731866 0.317748 0.638822 0.425469
0 0.639005 0.425257 0.732049 0.317536 0.766850 0.391114 0.673806 0.498835
0 0.689027 0.531215 0.782443 0.424077 0.833842 0.533772 0.740426 0.640911
0 0.765695 0.694835 0.859111 0.587696 0.910510 0.697391 0.817094 0.804530
0 0.833470 0.840049 0.925831 0.732257 0.994995 0.877315 0.902634 0.985107
0 0.816311 0.385647 0.909727 0.278508 0.961126 0.388203 0.867710 0.495342
0 0.731676 0.205739 0.824720 0.098018 0.859522 0.171596 0.766478 0.279317
0 0.765544 0.278524 0.858588 0.170803 0.893390 0.244381 0.800346 0.352102
0 0.672478 0.080131 0.719372 0.025397 0.753824 0.097648 0.706930 0.152382