0 0.002590 0.094440 0.103892 0.094440 0.103892 0.215511 0.002590 0.215511
0 0.104279 0.094780 0.205582 0.094780 0.205582 0.215852 0.104279 0.215852
0 0.204832 0.094780 0.306135 0.094780 0.306135 0.215852 0.204832 0.215852
0 0.304488 0.095296 0.405790 0.095296 0.405790 0.216368 0.304488 0.216368
0 0.001796 0.213459 0.103098 0.213459 0.103098 0.334531 0.001796 0.334531
0 0.103830 0.213459 0.205133 0.213459 0.205133 0.334531 0.103830 0.334531
0 0.204383 0.213459 0.305686 0.213459 0.305686 0.334531 0.204383 0.334531
0 0.304173 0.214130 0.405476 0.214130 0.405476 0.335202 0.304173 0.335202
0 0.126459 0.542105 0.227668 0.542105 0.227668 0.657417 0.126459 0.657417
0 0.126459 0.656671 0.227668 0.656671 0.227668 0.771983 0.126459 0.771983
0 0.125181 0.770257 0.226390 0.770257 0.226390 0.885569 0.125181 0.885569
0 0.126033 0.884688 0.227242 0.884688 0.227242 1.000000 0.126033 1.000000
0 0.226553 0.999510 0.226553 0.884199 0.327762 0.884199 0.327762 0.999510
0 0.226127 0.885924 0.226127 0.770612 0.327336 0.770612 0.327336 0.885924
0 0.226553 0.771848 0.226553 0.656536 0.327762 0.656536 0.327762 0.771848
0 0.226978 0.541481 0.328187 0.541481 0.328187 0.656793 0.226978 0.656793
0 0.472740 0.713819 0.573949 0.713819 0.573949 0.829131 0.472740 0.829131
0 0.473166 0.830343 0.574375 0.830343 0.574375 0.945655 0.473166 0.945655