0 0.165207046894951 0.38270577215457263 0.029990146348015303 0.2656559179394704 0.009728260175349062 0.28703100465534304 0.14494516072228478 0.40408085887044526
0 0.3711804748446571 0.20939833049800624 0.48515304321820574 0.11324391781705097 0.566169196185595 0.20093810442581916 0.45219662781204645 0.2970925171067744
0 0.5724771662962627 0.4268516932049671 0.6864499118400762 0.3306972805240118 0.7674659762223331 0.41839142480604197 0.6534932306785196 0.5145458374869972
0 0.8753825127493411 0.5312149269976547 0.7951209257925889 0.4443027533373786 0.6796289616256482 0.5417000297567796 0.7598905485824005 0.6286122034170556
0 0.4569313816463089 0.08462899388285332 0.3766430770364659 -0.002312111292401233 0.2634501081961913 0.09314636457985048 0.34373841280603434 0.18008746975510495
0 0.3177122437840538 0.6498601914291676 0.41195526239841385 0.7646020776459208 0.46006607134779015 0.7285161580614137 0.36582305273343013 0.6137742718446602
0 0.44202753820197876 0.8017306106793874 0.5285487774982279 0.92101207899621 0.5776318898302224 0.8884996241058557 0.4911106505339732 0.7692181557890332
0 0.4715532322234443 0.3178506287721589 0.5852256741682919 0.2214133888276374 0.6257199756638924 0.26500192925271976 0.5120475337190448 0.3614391903606103
0 0.5119084993536829 0.36236893948834087 0.6266367874920628 0.2657587524921983 0.6667453893210269 0.30925514760857314 0.5520171011826469 0.4058653346047157
0 0.8157996190130624 0.42636823720310335 0.9074437732447388 0.3490947665189407 0.9878705693260159 0.43619989191444175 0.8962264150943396 0.5134733625986043
0 0.7075828696196934 0.3107882008969205 0.7992272010216346 0.23351456090580575 0.8796539971029118 0.3206196016478307 0.7880096657009706 0.3978932628023145
0 0.6068411108717344 0.20168758397624825 0.6984852651034107 0.12441385933165743 0.7789121497698204 0.2115186884399922 0.687267995538144 0.28879241308458303
0 0.5057901900115657 0.09422738211495536 0.597434344243242 0.016953763287209603 0.6778612289096516 0.10405867704902046 0.5862170746779753 0.18133229587676622
0 0.7285896821707184 0.09909388823912643 0.8202338364023948 0.02182024560259053 0.9006608096539369 0.10892518317319153 0.8090166554222605 0.1861988337459908
0 0.8279290496870464 0.2091698507660801 0.9195732039187228 0.13189613670317377 1.0 0.21900095522982402 0.9083558457683236 0.29627467987441486
0 0.8591631640999368 0.6610116308738435 0.8185911575494038 0.6170777714428576 0.7724015262881423 0.6560306485206124 0.8129735328386752 0.6999645079515983
0 0.8191916936474266 0.6167749119812227 0.8596676131744933 0.660604722484363 0.9271948783172829 0.6036572824057476 0.8867189587902162 0.5598274719026071
0 0.9284365910505361 0.6295291555420988 0.9449134052034878 0.6536568107525287 0.9706821480406386 0.6375866851595007 0.9542053338876871 0.6134590299490709
0 0.9544162717471979 0.6131629974283679 0.9708930859001496 0.6372906526387978 0.9966618287373004 0.6212205270457698 0.9801850145843489 0.59709287183534
