0 0.004765379934599905 0.771388523267663 0.02211631081321023 0.7464937160326087 0.03824534560694839 0.7696353812839674 0.020894414728338067 0.7945301885190217
0 0.05780019124348958 0.8285026218580163 0.0761033769087358 0.8073873237941576 0.09134552001953125 0.8345859693444293 0.07304233435428503 0.855701267408288
0 0.07201647209398675 0.8555198603091032 0.0912374600497159 0.8345607060971467 0.1055618378610322 0.8616033139436141 0.08634084990530302 0.8825624681555706
0 0.08573392925840435 0.8818213952105979 0.10495489871863163 0.8608622409986413 0.11927931352095171 0.8879049549932065 0.10005834406072443 0.908864109205163
0 0.09957595362807765 0.9086598802649457 0.1187969970703125 0.8877006729789402 0.1331213563861269 0.9147432277513587 0.11390031294389205 0.935702488111413
0 0.021261975837476327 0.8685810122282609 0.040482917554450756 0.8476218580163043 0.05480734160452178 0.8746645720108696 0.035586399887547346 0.895623726222826
0 0.035104041822028885 0.8952405315896739 0.054325039025508996 0.8742813773777174 0.06864942608457623 0.9013240913722826 0.049428428881096116 0.9222832455842391
0 0.04944509795217803 0.9213635784646739 0.06866604891690341 0.9004044242527174 0.08299046371922349 0.9274471382472826 0.0637695127544981 0.9484062924592391
0 0.0023069809422348484 0.8891576086956522 0.0215280058889678 0.8681984544836957 0.035852367516719934 0.8952411684782609 0.016631342569986978 0.9162003226902173
0 0.06381310665246212 0.948563285495924 0.08303413159919508 0.9276039189877717 0.09735852790601325 0.9546464206861413 0.0781375029592803 0.9756057871942935
0 0.016772699067086883 0.9154588782269022 0.03599381880326705 0.8944997240149457 0.050318030155066286 0.9215422257133152 0.031096912730823864 0.9425013799252717
0 0.03098891055945194 0.941402640964674 0.05021002104788116 0.9204434867527174 0.06453423702355587 0.947485988451087 0.04531312422318892 0.9684451426630435
0 0.04508051091974432 0.9677046535326087 0.06430164683948864 0.9467454993206522 0.07862583044803503 0.9737880010190217 0.05940469452829072 0.9947471552309782
0 0.1319314112807765 0.9689406419836957 0.15115243622750946 0.9479814877717392 0.16547679554332387 0.9750242017663043 0.14625577059659092 0.9959833559782608
