0 0.44641608913449476 0.41137977796910563 0.47426571811202667 0.1400918454067479 0.7144259153491389 0.20828487876695276 0.686576286371607 0.4795728113293105
0 0.6868001561965386 0.48141562848243075 0.7146497851740705 0.21012764961115327 0.9548101494782162 0.2783207292802779 0.9269604648116732 0.5496087081515554
0 0.13868621492037808 0.18942852338637495 0.15291197282554458 0.053556861935327556 0.23442058145564837 0.07716164711936291 0.22019482355048187 0.21303330278179533
0 0.21857261657714844 0.21033546088859778 0.23279843017132612 0.07446393257569471 0.31430694134566034 0.09806883932064445 0.30008112775148266 0.2339403676335475
0 0.2992699337701728 0.2319170383111841 0.3134956916753393 0.09604546368936125 0.3950042446164319 0.11965027781647146 0.3807784867112654 0.2555218524382943
0 0.12489860423289946 0.322963986664513 0.13912436213806598 0.18709250466052968 0.220632887234653 0.2106973187876399 0.2064071293294865 0.3465688007916232
0 0.2041817546760949 0.34594930321746964 0.21715818530451642 0.20971596331444423 0.2988647126803433 0.23124275728494878 0.28588828205192174 0.3674760971879742
0 0.2862938094313127 0.36680174669835924 0.3005195673364792 0.2309300794586969 0.3820280645885607 0.25453484727688735 0.36780230668339414 0.3904065145165497
0 0.0978492820349923 0.5881824638123577 0.1120750677846644 0.45231070395485584 0.19358356503674584 0.4759154717730463 0.17935777928707372 0.6117872316305482
0 0.17778605440237227 0.6116825734718797 0.19201178446303319 0.4758109988500569 0.2735203374041258 0.49941576666824733 0.2592946073434649 0.6352873412900701
0 0.2581264189560048 0.6331686155929913 0.2723521768611713 0.49729704097116845 0.3538606741132527 0.5209018087893589 0.3396349162080862 0.6567733834111817
0 0.33883967712847857 0.6548467008043675 0.35306543503364507 0.5189751261825446 0.4345739322857265 0.542579894000735 0.42034817438056 0.6784514686225579
0 0.4190508431761804 0.679025745536561 0.43327660108134697 0.5431541709147383 0.5147851540224395 0.5667589387329287 0.5005593961172731 0.7026305133547515
0 0.49976443548272126 0.7007035065854988 0.5139901933878878 0.564831931963676 0.5954987463289804 0.5884366997818664 0.5812729884238139 0.7243082744036893
0 0.5784722209846886 0.7223814528701157 0.5926979788898552 0.5865099708661324 0.6742064204529254 0.6101147386843229 0.6599806625477589 0.7459862206883061
0 0.6586839439225023 0.7448927744748198 0.6729097018276688 0.609021199852997 0.7544182547687615 0.6326259676711874 0.7401924968635949 0.7684975422930103
0 0.7393969793389313 0.767404651786561 0.7536227372440979 0.6315330771647383 0.8351312901851905 0.6551378449829287 0.8209055322800239 0.7910094196047515
0 0.8196084795207003 0.7907499970362292 0.8338342374258668 0.654878283487647 0.9153426789889371 0.6784830976147572 0.9011169210837705 0.8143547648544196
0 0.9006249086700217 0.8145057319328528 0.9136013392984432 0.6782724846476669 0.9953083121863595 0.6997994638538505 0.9823318815579379 0.8360327111390364
