0 0.039015 0.151451 0.072429 0.007171 0.462141 0.056458 0.428727 0.200738
0 0.522790 0.211771 0.555920 0.067455 0.945728 0.116322 0.912598 0.260638
0 0.006382 0.296123 0.022871 0.224626 0.120651 0.236940 0.104163 0.308437
0 0.104163 0.307740 0.120651 0.236243 0.218431 0.248557 0.201943 0.320054
0 0.200685 0.319589 0.217174 0.248093 0.314954 0.260407 0.298466 0.331903
0 0.297200 0.332229 0.313689 0.260733 0.411469 0.273047 0.394981 0.344543
0 0.393454 0.343443 0.409942 0.271947 0.507723 0.284261 0.491235 0.355757
0 0.490142 0.356580 0.506630 0.285083 0.604410 0.297397 0.587922 0.368894
0 0.587263 0.369075 0.603751 0.297579 0.701531 0.309893 0.685043 0.381389
0 0.683083 0.379969 0.699571 0.308472 0.797352 0.320786 0.780864 0.392283
0 0.780638 0.392144 0.797126 0.320648 0.894906 0.332962 0.878418 0.404458
0 0.878193 0.403999 0.894681 0.332503 0.992461 0.344817 0.975973 0.416313