0 0.1612473375655356 0.2881175398195596 0.20441198942857655 0.4232645197752737 0.11116918555238843 0.48849651355112017 0.06800453368934753 0.3533495335954058
0 0.2530408117119509 0.22509232973552598 0.2962054635749919 0.3602393096912401 0.20296265969880373 0.42547130346708656 0.15979800783576284 0.29032432351137216
0 0.34530744809623437 0.15996627931535792 0.38847209995927545 0.29511325927107196 0.2952292960830872 0.3603452530469185 0.25206464422004626 0.22519827309120408
0 0.39025786069370577 0.2972211812761422 0.4334225125567469 0.4323681612318563 0.3401797086805586 0.4976001550077029 0.2970150568175177 0.36245317505198843
0 0.2970448998336861 0.36164695158426546 0.34020955169672706 0.4967939315399796 0.24696674782053887 0.5620259253158264 0.20380209595749801 0.4268789453601116
0 0.20435719246707965 0.42543026307399895 0.2475218443301206 0.560577243029713 0.15427904045393245 0.6258092368055599 0.11111438859089158 0.49066225684984516
0 0.11166948510047318 0.4900873185567424 0.15483413696351414 0.6252342985124566 0.06159133308732597 0.6904662922883035 0.018426681224285115 0.5553193123325887
0 0.5579305635776763 0.008824132315712944 0.6010952154407174 0.14397111227142714 0.5078524115645291 0.20920310604727363 0.46468775970148823 0.07405612609155911
0 0.6023411713685658 0.1483278211151764 0.6455058232316069 0.28347480107089074 0.5522630193554185 0.3487067948467371 0.5090983674923777 0.21355981489102258
0 0.6956940816228845 0.08528288483080346 0.7388587334859255 0.22042986478651785 0.6456159296097373 0.2856618585623642 0.6024512777466965 0.15051487860664964
0 0.7863279750736795 0.015531040431071756 0.8294926269367204 0.15067802038678613 0.7362498230605323 0.21591001416263253 0.6930851711974915 0.08076303420691792
0 0.9356201243658288 0.24600723090726223 0.9787847762288698 0.38115421086297663 0.8855419723526816 0.446386204638823 0.8423773204896408 0.3112392246831084
0 0.8422087406318643 0.31154742547971487 0.8853733924949053 0.44669440543542926 0.7921305886187172 0.5119263992112753 0.7489659367556762 0.376779419255561
0 0.7501812292495142 0.37503948897177836 0.7933458811125552 0.5101864689274928 0.7001030772363671 0.5754184627033389 0.6569384253733261 0.4402714827476245
0 0.6595375902187783 0.44160374908442557 0.7027022420818194 0.5767507290401399 0.6094594382056312 0.6419827228159861 0.5662947863425903 0.5068357428602717
0 0.5688939511880425 0.5061198781166837 0.6120586030510836 0.6412668580723979 0.5188157991748954 0.7064988518482441 0.4756511473118545 0.5713518718925298
0 0.47686643980569243 0.5696119416087472 0.5200310916687335 0.7047589215644614 0.4267882877925453 0.7699909153403076 0.38362363592950444 0.6348439353845932
0 0.3834550560717281 0.6351521361811998 0.4266197079347691 0.7702991161369142 0.33337690405858095 0.8355311099127603 0.29021225219554003 0.7003841299570459
0 0.2921194808651852 0.6965960685928742 0.33528413272822655 0.8317430485485885 0.242041328852038 0.8969750423244346 0.1988766769889971 0.7618280623687202
0 0.20078390565864218 0.7631603287055213 0.24394855752168362 0.8983073086612356 0.15070575364549502 0.9635393024370819 0.10754110178245412 0.8283923224813674
