0 0.032033 0.347385 0.162005 0.277921 0.254283 0.501701 0.124311 0.571165
0 0.163336 0.275147 0.293308 0.205683 0.385585 0.429463 0.255613 0.498927
0 0.355578 0.170723 0.485550 0.101259 0.577828 0.325039 0.447856 0.394503
0 0.156351 0.650556 0.286397 0.580463 0.347965 0.728516 0.217919 0.798609
0 0.287654 0.576172 0.417700 0.506080 0.479268 0.654132 0.349222 0.724225
0 0.349850 0.725655 0.479896 0.655563 0.541464 0.803615 0.411418 0.873708
0 0.219175 0.799324 0.349222 0.729231 0.410790 0.877284 0.280743 0.947377
0 0.486253 0.099200 0.616225 0.029736 0.708503 0.253516 0.578530 0.322980
0 0.481116 0.475909 0.611163 0.405816 0.672731 0.553869 0.542684 0.623962
0 0.611776 0.401945 0.741822 0.331852 0.803390 0.479905 0.673344 0.549997
0 0.542476 0.624660 0.672522 0.554567 0.734090 0.702620 0.604044 0.772713
0 0.673857 0.553161 0.803904 0.483068 0.865472 0.631121 0.735425 0.701214
0 0.635224 0.844924 0.895134 0.703719 0.958131 0.854010 0.698221 0.995214