0 0.235590810792285 0.48391016309506424 0.28352091506614224 0.48391016309506424 0.28352091506614224 0.5914039112697138 0.235590810792285 0.5914039112697138
0 0.2843831027607777 0.48348919164354554 0.3323132599247184 0.48348919164354554 0.3323132599247184 0.590982939818195 0.2843831027607777 0.590982939818195
0 0.33258990150597106 0.48391016309506424 0.3805200057798283 0.48391016309506424 0.3805200057798283 0.5914039112697138 0.33258990150597106 0.5914039112697138
0 0.3804063449905898 0.4826472487405082 0.42833644926444703 0.4826472487405082 0.42833644926444703 0.5901409969151578 0.3804063449905898 0.5901409969151578
0 0.4291986898491659 0.4826472487405082 0.4771287412329398 0.4826472487405082 0.4771287412329398 0.5901409969151578 0.4291986898491659 0.5901409969151578
0 0.47799090248253356 0.4830682201920269 0.5259210596464742 0.4830682201920269 0.5259210596464742 0.5905619683666764 0.47799090248253356 0.5905619683666764
0 0.5261977276727686 0.48348919164354554 0.5741277790565424 0.48348919164354554 0.5741277790565424 0.590982939818195 0.5261977276727686 0.590982939818195
0 0.5740141711573874 0.4826472487405082 0.6219442225411612 0.4826472487405082 0.6219442225411612 0.5901409969151578 0.5740141711573874 0.5901409969151578
0 0.6224161078653054 0.4826472487405082 0.6703461592490793 0.4826472487405082 0.6703461592490793 0.5901409969151578 0.6224161078653054 0.5901409969151578
0 0.6714036435766898 0.4826472487405082 0.7193336949604636 0.4826472487405082 0.7193336949604636 0.5901409969151578 0.6714036435766898 0.5901409969151578
0 0.7198055802846078 0.4826472487405082 0.7677356316683818 0.4826472487405082 0.7677356316683818 0.5901409969151578 0.7198055802846078 0.5901409969151578
0 0.7682074641024426 0.4826472487405082 0.8161376212663832 0.4826472487405082 0.8161376212663832 0.5901409969151578 0.7682074641024426 0.5901409969151578
0 0.8162191248849112 0.4826472487405082 0.864149176268685 0.4826472487405082 0.864149176268685 0.5901409969151578 0.8162191248849112 0.5901409969151578
0 0.8652064490359619 0.48348919164354554 0.9131367119800693 0.48348919164354554 0.9131367119800693 0.590982939818195 0.8652064490359619 0.590982939818195
0 0.9134132213361135 0.48391016309506424 0.961343484280221 0.48391016309506424 0.961343484280221 0.5914039112697138 0.9134132213361135 0.5914039112697138
0 0.23685713161422228 0.6959479501314252 0.33420053677087846 0.6959479501314252 0.33420053677087846 0.9077895690347547 0.23685713161422228 0.9077895690347547
0 0.33420011365021124 0.6953253344954732 0.4315426725655329 0.6953253344954732 0.4315426725655329 0.9071651280483353 0.33420011365021124 0.9071651280483353
0 0.5023107148539049 0.6947025477329147 0.5996540671204776 0.6947025477329147 0.5996540671204776 0.9065442807206484 0.5023107148539049 0.9065442807206484
0 0.5990760842890219 0.6947022054797021 0.696418696094427 0.6947022054797021 0.696418696094427 0.9065421131169684 0.5990760842890219 0.9065421131169684
0 0.7686312723407712 0.6947022054797021 0.8659738841461764 0.6947022054797021 0.8659738841461764 0.9065419990325643 0.7686312723407712 0.9065419990325643
0 0.864817178022097 0.6947025477329147 0.9621605302886699 0.6947025477329147 0.9621605302886699 0.9065442807206484 0.864817178022097 0.9065442807206484
