0 0.5810266125263899 0.39877834141503554 0.6689584805244113 0.4189400355063546 0.6550586054692461 0.5519253893944986 0.5671267374712246 0.5317636953031796
0 0.6692100340431447 0.4205465411849145 0.757141902041166 0.4407082352762336 0.743242026986001 0.5736935891643776 0.6553101589879794 0.5535318950730586
0 0.7573934555598996 0.4423147409547936 0.845325323557921 0.4624764350461127 0.8314254485027558 0.5954617889342567 0.7434935805047342 0.5753000948429376
0 0.8455768770766544 0.46511952166609544 0.9335087450746757 0.4852812157574145 0.9196088700195105 0.6182665696455586 0.8316770020214891 0.5981048755542395
0 0.6262009322542811 0.005201515218561981 0.7141328002523024 0.025363209309881066 0.7002329251971373 0.1583485631980251 0.6123010571991158 0.13818686910670602
0 0.7138922587848933 0.027504202036362148 0.8018241267829147 0.04766589612768123 0.7879242517277495 0.18065125001582527 0.6999923837297279 0.16048955592450617
0 0.803355127265619 0.04980688885416232 0.8912869952636403 0.0699685829454814 0.8773871202084751 0.20295393683362545 0.7894552522104537 0.18279224274230635
0 0.6102570547032606 0.13770571337137474 0.6981889227012821 0.15786740746269384 0.6842890476461169 0.2908527613508379 0.5963571796480953 0.2706910672595188
0 0.6997199231839862 0.16000840018917492 0.7876517911820077 0.180170094280494 0.7737519161268425 0.31315544816863805 0.6858200481288209 0.2929937540773189
0 0.7882970206896552 0.18493493251495158 0.8762288886876766 0.20509662660627065 0.8623290136325115 0.3380819804944147 0.7743971456344899 0.3179202864030956
0 0.1780633615416259 0.06225294790530398 0.2163699368707195 0.18120283788467317 0.13436350422422916 0.23913648119698178 0.09605692889513572 0.12018659121761249
0 0.2171790078001293 0.1848390100379656 0.2554855831292229 0.30378890001733483 0.17347915048273255 0.36172254332964343 0.13517257515363912 0.24277265335027412
0 0.09699760190443768 0.11934782615887242 0.1353041772335313 0.2382977161382416 0.053297744587040924 0.29623135945055024 0.014991169257947507 0.17728146947118092
0 0.1361132481629411 0.2402546271664291 0.1744198234920347 0.35920451714579826 0.09241339084554433 0.41713816045810687 0.054106815516450905 0.2981882704787376
0 0.2672073524713311 0.44097880852663063 0.30551392780042474 0.5599286985059998 0.22350749515393434 0.6178623418183085 0.1852009198248409 0.4989124518389391
0 0.18571642276611566 0.4987034097021134 0.2240229980952093 0.6176532996814825 0.14201656544871893 0.6755869429937912 0.10370999011962548 0.5566370530144219
0 0.10511126403595694 0.5538041653696197 0.14341783936505056 0.6727540553489888 0.06141140671856022 0.7306876986612975 0.023104831389466764 0.6117378086819282
