0 0.07665242523247047 0.57082924703062 0.08293618997940809 0.6800147137118455 0.021088659871500003 0.690721122981655 0.014804895124562355 0.5815356563004292
0 0.13990114769204992 0.5584795321637427 0.1461849124389876 0.6676649988449682 0.08433738233107946 0.6783714081147777 0.0780536175841418 0.569185941433552
0 0.2651419954762502 0.533780102429988 0.27142576022318793 0.6429655691112135 0.20957823011527985 0.653671978381023 0.20329446536834217 0.5444865116997973
0 0.32755298651252396 0.5221568413788094 0.33383675125946166 0.6313423080600348 0.27198922115155355 0.6420487173298443 0.26570545640461585 0.5328632506486186
0 0.3903828432604506 0.5090806726962332 0.39666660800738823 0.6182661393774588 0.3348190778994801 0.6289725486472683 0.3285353131525425 0.5197870819660426
0 0.4527938342967243 0.49600450401365737 0.45907759904366197 0.6051899706948829 0.39723006893575386 0.6158963799646924 0.3909463041888162 0.5067109132834666
0 0.4668583802310528 0.7125970257164057 0.48090313767158416 0.9297563960499171 0.22954130801994665 0.9786555557216039 0.21549655057941533 0.761496185388092
0 0.6384139916134343 0.4387526345926679 0.6360956164104995 0.5484069497248103 0.5739825095773595 0.5444568537611305 0.576300884780294 0.43480253862898766
0 0.7015222084861934 0.44139637474473575 0.6992038332832587 0.5510506898768782 0.6370907264501188 0.5471005939131984 0.6394091016530531 0.4374462787810555
0 0.7646304253589526 0.4445688629272173 0.7623120501560179 0.5542231780593597 0.7001989433228779 0.5502730820956799 0.7025173185258123 0.4406187669635371
0 0.8275888812288779 0.4489658202327618 0.8252705060259432 0.5586201353649043 0.7631573991928032 0.5546700394012244 0.7654757743957376 0.4450157242690816
0 0.9737877116382346 0.45702690862626016 0.9714693364353 0.5666812237584026 0.90935622960216 0.5627311277947228 0.9116746048050943 0.45307681266257993
0 0.8248397230718683 0.6706596408592698 0.8202522880539499 0.8876357560568087 0.569226848825813 0.8716717409747768 0.5738142838437313 0.6546956257772379
